Rancho San Antonio:   
  1. 37.332635, -122.087050
  2. 37.3323572, -122.0912677
  3. 37.331436, -122.095787
  4. 37.332282, -122.096883
  5. 37.332824, -122.100133
  6. 37.335129, -122.097995

Skyline Ridge: 
  1. 37.312621, -122.177185
  2. 37.312902, -122.185761
  
Monte Bello Open Space Preserve: 
  1. 37.318770, -122.146453
  2. 37.318736, -122.147233
  3. 37.325438, -122.178533
  
Pichetti Ranch Open Space Preserve: 
  1. 37.294391, -122.091090
  2. 37.294089, -122.090483
  3. 37.294686, -122.090471
  4. 37.296273, -122.087815
  5. 37.293486, -122.093417
  6. 37.293836, -122.093182
  
Fremont Older Open Space Preserve: 
  1. 37.285347, -122.059030
  2. 37.285148, -122.058325
  3. 37.285689, -122.057122

Pearson-Arastradero Preserve: 
  1. 37.387198, -122.174059
  2. 37.386679, -122.180860
